0.4983
0.4943
0.4901
0.4859
0.4816
0.4772
0.4728
0.4685
0.4643
0.4605
0.4567
0.4534
0.4502
0.4474
0.4447
0.4424
0.4403
0.4384
0.4365
0.4347
0.4330
0.4313
0.4297
0.4281
0.4261
0.4242
0.4221
0.4199
0.4176
0.4152
0.4126
0.4097
0.4068
0.4036
0.4004
0.3972
0.3940
0.3908
0.3877
0.3844
0.3810
0.3779
0.3750
0.3721
0.3692
0.3665
0.3638
0.3612
0.3586
0.3560
0.3536
0.3513
0.3489
0.3464
0.3439
0.3414
0.3390
0.3368
0.3346
0.3324
0.3304
0.3285
0.3267
0.3248
0.3230
0.3213
0.3198
0.3182
0.3167
0.3152
0.3137
0.3122
0.3108
0.3094
0.3082
0.3071
0.3059
0.3047
0.3035
0.3023
0.3012
0.3000
0.2989
0.2976
0.2964
0.2951
0.2939
0.2927
0.2914
0.2903
0.2891
0.2879
0.2866
0.2854
0.2842
0.2829
0.2816
0.2802
0.2788
0.2774
0.2760
0.2745
0.2730
0.2715
0.2700
0.2686
0.2672
0.2659
0.2646
0.2633
0.2621
0.2610
0.2599
0.2590
0.2581
0.2572
0.2564
0.2557
0.2550
0.2545
0.2540
0.2536
0.2532
0.2529
0.2527
0.2525
0.2524
0.2523
0.2521
0.2519
0.2516
0.2513
0.2510
0.2506
0.2500
0.2493
0.2485
0.2476
0.2466
0.2454
0.2441
0.2428
0.2414
0.2399
0.2383
0.2368
0.2353
0.2337
0.2321
0.2305
0.2290
0.2275
0.2260
0.2246
0.2234
0.2221
0.2207
0.2193
0.2181
0.2170
0.2156
0.2143
0.2130
0.2118
0.2104
0.2090
0.2077
0.2065
0.2053
0.2040
0.2027
0.2015
0.2003
0.1991
0.1979
0.1967
0.1955
0.1943
0.1932
0.1920
0.1909
0.1897
0.1885
0.1873
0.1861
0.1849
0.1837
0.1823
0.1810
0.1796
0.1782
0.1768
0.1755
0.1742
0.1729
0.1716
0.1704
0.1692
0.1681
0.1670
0.1660
0.1651
0.1643
0.1634
0.1627
0.1619
0.1612
0.1606
0.1599
0.1593
0.1587
0.1581
0.1575
0.1569
0.1564
0.1558
0.1552
0.1547
0.1541
0.1536
0.1530
0.1526
0.1521
0.1516
0.1512
0.1507
0.1503
0.1500
0.1496
0.1492
0.1488
0.1484
0.1480
0.1475
0.1470
0.1465
0.1460
0.1454
0.1449
0.1443
0.1438
0.1433
0.1427
0.1422
0.1417
0.1412
0.1407
0.1401
0.1396
0.1390
0.1384
0.1376
0.1368
0.1360
0.1351
0.1342
0.1332
0.1323
0.1313
0.1304
0.1295
0.1287
0.1280
0.1274
0.1269
0.1264
0.1260
0.1257
0.1254
0.1251
0.1249
0.1247
0.1244
0.1241
0.1237
0.1233
0.1228
0.1222
0.1216
0.1209
0.1201
0.1194
0.1186
0.1179
0.1172
0.1166
0.1161
0.1156
0.1153
0.1150
0.1149
0.1148
0.1148
0.1149
0.1151
0.1152
0.1154
0.1155
0.1157
0.1159
0.1160
0.1161
0.1161
0.1161
0.1160
0.1159
0.1157
0.1155
0.1153
0.1151
0.1148
0.1145
0.1142
0.1139
0.1137
0.1134
0.1132
0.1131
0.1130
0.1129
0.1129
0.1130
0.1130
0.1131
0.1132
0.1132
0.1133
0.1134
0.1134
0.1134
0.1134
0.1134
0.1133
0.1133
0.1132
0.1132
0.1132
0.1131
0.1131
0.1130
0.1130
0.1129
0.1129
0.1128
0.1128
0.1127
0.1127
0.1126
0.1125
0.1125
0.1124
0.1123
0.1122
0.1121
0.1120
0.1119
0.1118
0.1117
0.1116
0.1115
0.1114
0.1113
0.1112
0.1111
0.1110
0.1109
0.1107
0.1106
0.1104
0.1102
0.1100
0.1098
0.1096
0.1094
0.1092
0.1090
0.1088
0.1087
0.1086
0.1085
0.1083
0.1081
0.1080
0.1078
0.1075
0.1073
0.1070
0.1067
0.1065
0.1062
0.1059
0.1058
0.1056
0.1056
0.1056
0.1057
0.1059
0.1061
0.1063
0.1066
0.1069
0.1072
0.1075
0.1078
0.1081
0.1083
0.1086
0.1088
0.1090
0.1091
0.1093
0.1094
0.1095
0.1095
0.1096
0.1095
0.1095
0.1094
0.1093
0.1091
0.1090
0.1088
0.1085
0.1082
0.1078
0.1074
0.1069
0.1065
0.1060
0.1056
0.1053
0.1050
0.1048
0.1046
0.1046
0.1046
0.1048
0.1050
0.1052
0.1054
0.1057
0.1059
0.1062
0.1064
0.1065
0.1066
0.1067
0.1066
0.1065
0.1064
0.1061
0.1058
0.1054
0.1050
0.1045
0.1041
0.1037
0.1033
0.1030
0.1026
0.1024
0.1022
0.1020
0.1019
0.1018
0.1017
0.1016
0.1015
0.1015
0.1015
0.1016
0.1016
0.1017
0.1017
0.1017
0.1017
0.1017
0.1017
0.1016
0.1015
0.1014
0.1012
0.1010
0.1008
0.1006
0.1004
0.1002
0.1001
0.0999
0.0998
0.0996
0.0996
0.0995
0.0995
0.0995
0.0995
0.0995
0.0996
0.0996
0.0996
0.0997
0.0996
0.0996
0.0996
0.0996
0.0996
0.0996
0.0995
0.0995
0.0995
0.0995
0.0995
0.0995
0.0996
0.0996
0.0997
0.0998
0.0999
0.1000
0.1002
0.1003
0.1005
0.1006
0.1007
0.1008
0.1009
0.1010
0.1011
0.1011
0.1012
0.1013
0.1013
0.1015
0.1016
0.1018
0.1019
0.1021
0.1023
0.1026
0.1028
0.1029
0.1031
0.1032
0.1033
0.1033
0.1033
0.1033
0.1032
0.1031
0.1030
0.1028
0.1027
0.1026
0.1025
0.1024
0.1024
0.1023
0.1023
0.1023
0.1023
0.1022
0.1022
0.1021
0.1020
0.1019
0.1018
0.1017
0.1015
0.1013
0.1011
0.1010
0.1008
0.1007
0.1006
0.1005
0.1005
0.1005
0.1005
0.1004
0.1004
0.1004
0.1004
0.1002
0.1000
0.0998
0.0994
0.0991
0.0987
0.0983
0.0979
0.0975
0.0972
0.0969
0.0967
0.0967
0.0967
0.0968
0.0969
0.0971
0.0974
0.0977
0.0980
0.0983
0.0986
0.0988
0.0991
0.0992
0.0993
0.0994
0.0994
0.0994
0.0993
0.0991
0.0990
0.0989
0.0987
0.0986
0.0985
0.0983
0.0982
0.0981
0.0979
0.0977
0.0975
0.0973
0.0970
0.0967
0.0964
0.0962
0.0959
0.0956
0.0954
0.0951
0.0949
0.0947
0.0946
0.0945
0.0944
0.0944
0.0944
0.0943
0.0943
0.0944
0.0944
0.0945
0.0945
0.0945
0.0944
0.0944
0.0943
0.0942
0.0940
0.0938
0.0935
0.0932
0.0929
0.0925
0.0921
0.0917
0.0913
0.0909
0.0906
0.0902
0.0899
0.0896
0.0894
0.0892
0.0891
0.0890
0.0889
0.0888
0.0887
0.0885
0.0883
0.0880
0.0877
0.0874
0.0871
0.0867
0.0862
0.0857
0.0853
0.0849
0.0845
0.0843
0.0841
0.0840
0.0839
0.0840
0.0841
0.0844
0.0847
0.0850
0.0854
0.0858
0.0862
0.0865
0.0868
0.0870
0.0871
0.0871
0.0871
0.0870
0.0868
0.0866
0.0864
0.0861
0.0858
0.0855
0.0853
0.0851
0.0849
0.0846
0.0844
0.0842
0.0840
0.0839
0.0838
0.0837
0.0835
0.0834
0.0832
0.0830
0.0829
0.0827
0.0825
0.0823
0.0820
0.0819
0.0817
0.0816
0.0816
0.0816
0.0816
0.0817
0.0817
0.0818
0.0819
0.0820
0.0821
0.0822
0.0823
0.0823
0.0823
0.0823
0.0822
0.0821
0.0819
0.0817
0.0814
0.0811
0.0808
0.0805
0.0803
0.0800
0.0798
0.0796
0.0794
0.0793
0.0792
0.0791
0.0790
0.0789
0.0789
0.0789
0.0789
0.0789
0.0790
0.0791
0.0792
0.0793
0.0794
0.0795
0.0795
0.0796
0.0796
0.0796
0.0796
0.0796
0.0795
0.0795
0.0795
0.0794
0.0794
0.0793
0.0793
0.0793
0.0793
0.0793
0.0792
0.0792
0.0792
0.0791
0.0791
0.0791
0.0792
0.0792
0.0792
0.0792
0.0793
0.0793
0.0794
0.0794
0.0795
0.0796
0.0797
0.0798
0.0800
0.0801
0.0803
0.0804
0.0805
0.0806
0.0807
0.0807
0.0807
0.0807
0.0807
0.0806
0.0805
0.0805
0.0804
0.0804
0.0804
0.0803
0.0803
0.0802
0.0802
0.0802
0.0802
0.0802
0.0802
0.0802
0.0803
0.0804
0.0805
0.0806
0.0807
0.0808
0.0809
0.0810
0.0811
0.0811
0.0812
0.0812
0.0812
0.0812
0.0812
0.0812
0.0811
0.0811
0.0810
0.0810
0.0810
0.0810
0.0810
0.0810
0.0810
0.0811
0.0811
0.0812
0.0812
0.0813
0.0813
0.0813
0.0813
0.0813
0.0814
0.0813
0.0813
0.0813
0.0812
0.0811
0.0810
0.0809
0.0808
0.0807
0.0806
0.0806
0.0805
0.0804
0.0804
0.0804
0.0804
0.0805
0.0805
0.0806
0.0806
0.0807
0.0807
0.0807
0.0807
0.0807
0.0806
0.0805
0.0804
0.0803
0.0801
0.0800
0.0799
0.0798
0.0797
0.0797
0.0797
0.0797
0.0797
0.0798
0.0799
0.0799
0.0800
0.0800
0.0800
0.0799
0.0797
0.0796
0.0794
0.0791
0.0789
0.0787
0.0785
0.0782
0.0781
0.0780
0.0780
0.0779
0.0779
0.0779
0.0780
0.0780
0.0781
0.0782
0.0783
0.0783
0.0783
0.0783
0.0782
0.0781
0.0780
0.0778
0.0776
0.0773
0.0770
0.0768
0.0766
0.0763
0.0761
0.0760
0.0759
0.0758
0.0757
0.0756
0.0755
0.0753
0.0752
0.0750
0.0749
0.0747
0.0745
0.0744
0.0743
0.0742
0.0743
0.0743
0.0744
0.0746
0.0748
0.0750
0.0752
0.0754
0.0756
0.0757
0.0757
0.0756
0.0755
0.0752
0.0749
0.0745
0.0741
0.0737
0.0733
0.0730
0.0727
0.0725
0.0723
0.0722
0.0721
0.0720
0.0720
0.0720
0.0720
0.0720
0.0720
0.0720
0.0721
0.0722
0.0723
0.0724
0.0726
0.0727
0.0730
0.0732
0.0734
0.0736
0.0738
0.0739
0.0741
0.0740
0.0740
0.0737
0.0733
0.0728
0.0723
0.0716
0.0710
0.0704
0.0699
0.0694
0.0690
0.0686
0.0684
0.0683
0.0682
0.0682
0.0682
0.0683
0.0684
0.0685
0.0686
0.0688
0.0689
0.0691
0.0692
0.0694
0.0696
0.0697
0.0698
0.0698
0.0699
0.0699
0.0699
0.0698
0.0697
0.0695
0.0691
0.0688
0.0684
0.0679
0.0674
0.0669
0.0663
0.0659
0.0654
0.0650
0.0645
0.0641
0.0636
0.0633
0.0629
0.0627
0.0625
0.0622
0.0621
0.0620
0.0620
0.0621
0.0623
0.0623
0.0624
0.0624
0.0624
0.0624
0.0623
0.0623
0.0622
0.0622
0.0622
0.0623
0.0624
0.0627
0.0629
0.0631
0.0633
0.0634
0.0634
0.0634
0.0633
0.0630
0.0627
0.0624
0.0620
0.0617
0.0615
0.0615
0.0616
0.0618
0.0621
0.0624
0.0627
0.0630
0.0631
0.0632
0.0631
0.0628
0.0624
0.0620
0.0615
0.0610
0.0607
0.0605
0.0606
0.0607
0.0611
0.0616
0.0621
0.0627
0.0632
0.0638
0.0641
0.0644
0.0645
0.0645
0.0641
0.0638
0.0633
0.0629
0.0624
0.0619
0.0615
0.0612
0.0609
0.0608
0.0609
0.0610
0.0613
0.0617
0.0621
0.0626
0.0630
0.0635
0.0638
0.0641
0.0643
0.0645
0.0647
0.0649
0.0650
0.0650
0.0649
0.0646
0.0642
0.0636
0.0629
0.0620
0.0611
0.0602
0.0594
0.0587
0.0581
0.0577
0.0575
0.0576
0.0578
0.0582
0.0588
0.0594
0.0601
0.0609
0.0616
0.0624
0.0631
0.0636
0.0639
0.0639
0.0636
0.0632
0.0625
0.0618
0.0609
0.0599
0.0589
0.0580
0.0572
0.0564
0.0558
0.0554
0.0551
0.0550
0.0551
0.0554
0.0559
0.0566
0.0575
0.0585
0.0595
0.0605
0.0616
0.0625
0.0631
0.0636
0.0639
0.0639
0.0638
0.0634
0.0629
0.0623
0.0617
0.0610
0.0605
0.0599
0.0593
0.0588
0.0584
0.0580
0.0578
0.0576
0.0574
0.0574
0.0574
0.0575
0.0578
0.0581
0.0585
0.0591
0.0597
0.0604
0.0611
0.0618
0.0626
0.0632
0.0638
0.0644
0.0648
0.0651
0.0652
0.0651
0.0650
0.0647
0.0643
0.0641
0.0638
0.0635
0.0631
0.0628
0.0625
0.0621
0.0618
0.0615
0.0611
0.0607
0.0603
0.0599
0.0597
0.0595
0.0595
0.0597
0.0600
0.0604
0.0610
0.0617
0.0624
0.0632
0.0640
0.0648
0.0655
0.0662
0.0666
0.0670
0.0672
0.0673
0.0674
0.0674
0.0673
0.0672
0.0671
0.0670
0.0669
0.0669
0.0669
0.0668
0.0667
0.0665
0.0663
0.0660
0.0656
0.0653
0.0650
0.0648
0.0645
0.0643
0.0641
0.0640
0.0640
0.0642
0.0645
0.0648
0.0652
0.0657
0.0661
0.0664
0.0668
0.0671
0.0674
0.0676
0.0678
0.0679
0.0679
0.0680
0.0681
0.0682
0.0682
0.0682
0.0682
0.0682
0.0681
0.0681
0.0681
0.0682
0.0683
0.0685
0.0688
0.0692
0.0696
0.0700
0.0706
0.0713
0.0719
0.0725
0.0732
0.0738
0.0743
0.0748
0.0753
0.0756
0.0759
0.0760
0.0761
0.0760
0.0758
0.0755
0.0752
0.0749
0.0745
0.0742
0.0740
0.0738
0.0737
0.0738
0.0740
0.0745
0.0750
0.0757
0.0765
0.0773
0.0780
0.0788
0.0796
0.0803
0.0809
0.0813
0.0814
0.0814
0.0812
0.0809
0.0806
0.0803
0.0800
0.0796
0.0794
0.0792
0.0792
0.0793
0.0795
0.0798
0.0802
0.0806
0.0811
0.0817
0.0823
0.0829
0.0835
0.0842
0.0849
0.0856
0.0864
0.0872
0.0879
0.0886
0.0892
0.0895
0.0896
0.0893
0.0888
0.0878
0.0866
0.0852
0.0839
0.0826
0.0814
0.0804
0.0797
0.0793
0.0793
0.0797
0.0803
0.0813
0.0824
0.0836
0.0849
0.0861
0.0872
0.0880
0.0887
0.0891
0.0899
0.0904
0.0931
0.0954
0.0993
0.1018
0.1033
0.1032
0.1015
0.0989
0.0953
0.0915
0.0866
0.0821
0.0774
0.0736
0.0705
0.0683
0.0669
0.0663
0.0665
0.0674
0.0690
0.0714
0.0746
0.0785
0.0831
0.0884
0.0943
0.1000
0.1059
0.1100
0.1133
0.1147
0.1148
0.1133
0.1106
0.1068
0.1025
0.0982
0.0949
0.0928
0.0923
0.0925
0.0929
0.0930
0.0929
0.0925
0.0920
0.0913
0.0907
0.0901
0.0897
0.0894
0.0892
0.0892
0.0896
0.0901
0.0907
0.0915
0.0925
0.0935
0.0947
0.0958
0.0968
0.0977
0.0983
0.0988
0.0989
0.0989
0.0986
0.0984
0.0979
0.0973
0.0963
0.0953
0.0940
0.0926
0.0911
0.0895
0.0877
0.0859
0.0843
0.0829
0.0818
0.0810
0.0806
0.0806
0.0809
0.0817
0.0828
0.0842
0.0858
0.0875
0.0891
0.0907
0.0923
0.0936
0.0946
0.0952
0.0953
0.0951
0.0944
0.0937
0.0927
0.0918
0.0907
0.0896
0.0886
0.0876
0.0867
0.0860
0.0853
0.0847
0.0842
0.0838
0.0835
0.0832
0.0831
0.0830
0.0831
0.0832
0.0835
0.0838
0.0843
0.0848
0.0855
0.0862
0.0871
0.0878
0.0886
0.0890
0.0892
0.0890
0.0883
0.0873
0.0860
0.0846
0.0830
0.0815
0.0800
0.0787
0.0776
0.0768
0.0762
0.0760
0.0762
0.0766
0.0773
0.0783
0.0794
0.0806
0.0820
0.0834
0.0847
0.0859
0.0868
0.0875
0.0877
0.0876
0.0872
0.0866
0.0858
0.0848
0.0837
0.0826
0.0815
0.0805
0.0797
0.0790
0.0786
0.0784
0.0785
0.0787
0.0792
0.0798
0.0805
0.0813
0.0821
0.0831
0.0841
0.0849
0.0854
0.0856
0.0854
0.0850
0.0842
0.0833
0.0821
0.0807
0.0792
0.0779
0.0767
0.0759
0.0755
0.0755
0.0759
0.0767
0.0778
0.0793
0.0811
0.0832
0.0856
0.0881
0.0906
0.0929
0.0948
0.0961
0.0968
0.0968
0.0962
0.0950
0.0936
0.0918
0.0899
0.0883
0.0869
0.0859
0.0854
0.0854
0.0858
0.0866
0.0877
0.0890
0.0904
0.0916
0.0927
0.0932
0.0932
0.0926
0.0913
0.0895
0.0873
0.0850
0.0826
0.0805
0.0787
0.0772
0.0763
0.0759
0.0760
0.0765
0.0774
0.0788
0.0804
0.0823
0.0844
0.0865
0.0885
0.0902
0.0916
0.0927
0.0932
0.0933
0.0930
0.0922
0.0911
0.0897
0.0882
0.0867
0.0854
0.0841
0.0830
0.0821
0.0814
0.0810
0.0809
0.0810
0.0814
0.0823
0.0835
0.0849
0.0865
0.0881
0.0897
0.0911
0.0922
0.0929
0.0931
0.0927
0.0920
0.0910
0.0899
0.0887
0.0877
0.0867
0.0860
0.0856
0.0854
0.0855
0.0859
0.0864
0.0872
0.0880
0.0888
0.0896
0.0902
0.0908
0.0912
0.0915
0.0917
0.0918
0.0917
0.0917
0.0916
0.0916
0.0915
0.0914
0.0912
0.0909
0.0906
0.0903
0.0899
0.0896
0.0893
0.0890
0.0888
0.0885
0.0883
0.0881
0.0880
0.0879
0.0878
0.0877
0.0877
0.0877
0.0877
0.0875
0.0872
0.0867
0.0860
0.0851
0.0842
0.0832
0.0821
0.0811
0.0803
0.0795
0.0790
0.0787
0.0785
0.0784
0.0784
0.0785
0.0786
0.0789
0.0791
0.0795
0.0797
0.0799
0.0802
0.0804
0.0806
0.0807
0.0807
0.0807
0.0807
0.0807
0.0809
0.0812
0.0815
0.0820
0.0825
0.0828
0.0832
0.0833
0.0833
0.0831
0.0828
0.0824
0.0820
0.0818
0.0817
0.0819
0.0825
0.0834
0.0845
0.0859
0.0875
0.0891
0.0907
0.0923
0.0937
0.0950
0.0960
0.0967
0.0971
0.0974
0.0975
0.0977
0.0979
0.0983
0.0987
0.0993
0.1001
0.1010
0.1021
0.1032
0.1043
0.1053
0.1062
0.1068
0.1074
0.1079
0.1086
0.1094
0.1106
0.1123
0.1148
0.1183
0.1232
0.1301
0.1398
0.1533
0.1720
0.1964
