0.4900
0.4859
0.4819
0.4781
0.4743
0.4703
0.4665
0.4626
0.4588
0.4551
0.4513
0.4479
0.4444
0.4412
0.4380
0.4352
0.4326
0.4301
0.4279
0.4258
0.4239
0.4221
0.4206
0.4192
0.4174
0.4156
0.4134
0.4110
0.4081
0.4048
0.4010
0.3964
0.3915
0.3861
0.3805
0.3748
0.3692
0.3637
0.3586
0.3538
0.3493
0.3455
0.3425
0.3400
0.3380
0.3365
0.3356
0.3349
0.3344
0.3340
0.3339
0.3338
0.3335
0.3331
0.3326
0.3321
0.3317
0.3313
0.3310
0.3307
0.3303
0.3300
0.3297
0.3291
0.3283
0.3275
0.3265
0.3253
0.3238
0.3222
0.3204
0.3185
0.3164
0.3143
0.3124
0.3105
0.3087
0.3068
0.3050
0.3034
0.3019
0.3007
0.2996
0.2987
0.2979
0.2972
0.2966
0.2961
0.2956
0.2951
0.2945
0.2938
0.2931
0.2922
0.2913
0.2903
0.2891
0.2878
0.2865
0.2849
0.2833
0.2815
0.2796
0.2776
0.2757
0.2737
0.2720
0.2703
0.2688
0.2674
0.2662
0.2651
0.2641
0.2633
0.2626
0.2618
0.2611
0.2604
0.2598
0.2593
0.2589
0.2584
0.2580
0.2577
0.2575
0.2572
0.2571
0.2569
0.2567
0.2565
0.2562
0.2559
0.2556
0.2553
0.2550
0.2546
0.2541
0.2537
0.2532
0.2526
0.2519
0.2513
0.2506
0.2497
0.2487
0.2477
0.2465
0.2451
0.2434
0.2415
0.2395
0.2373
0.2348
0.2324
0.2300
0.2276
0.2249
0.2223
0.2199
0.2177
0.2155
0.2134
0.2115
0.2098
0.2082
0.2065
0.2051
0.2040
0.2028
0.2015
0.2003
0.1992
0.1981
0.1968
0.1956
0.1943
0.1930
0.1917
0.1903
0.1890
0.1877
0.1864
0.1851
0.1838
0.1827
0.1815
0.1804
0.1792
0.1781
0.1770
0.1759
0.1749
0.1739
0.1730
0.1721
0.1712
0.1704
0.1697
0.1690
0.1684
0.1679
0.1673
0.1668
0.1661
0.1655
0.1648
0.1640
0.1632
0.1624
0.1614
0.1605
0.1595
0.1584
0.1574
0.1564
0.1555
0.1545
0.1537
0.1529
0.1523
0.1518
0.1515
0.1512
0.1510
0.1509
0.1509
0.1509
0.1508
0.1508
0.1507
0.1506
0.1503
0.1500
0.1496
0.1491
0.1486
0.1480
0.1474
0.1468
0.1461
0.1454
0.1448
0.1442
0.1436
0.1430
0.1423
0.1417
0.1411
0.1405
0.1398
0.1392
0.1384
0.1376
0.1367
0.1358
0.1348
0.1339
0.1329
0.1319
0.1310
0.1302
0.1295
0.1289
0.1284
0.1281
0.1278
0.1276
0.1275
0.1275
0.1275
0.1276
0.1276
0.1277
0.1276
0.1275
0.1273
0.1269
0.1265
0.1259
0.1252
0.1244
0.1236
0.1228
0.1220
0.1213
0.1206
0.1200
0.1195
0.1192
0.1189
0.1187
0.1186
0.1186
0.1187
0.1188
0.1189
0.1190
0.1191
0.1192
0.1192
0.1193
0.1192
0.1191
0.1190
0.1188
0.1185
0.1182
0.1179
0.1175
0.1171
0.1167
0.1163
0.1159
0.1155
0.1152
0.1149
0.1147
0.1145
0.1145
0.1146
0.1148
0.1149
0.1151
0.1153
0.1155
0.1157
0.1158
0.1158
0.1157
0.1156
0.1153
0.1151
0.1148
0.1146
0.1143
0.1141
0.1139
0.1137
0.1136
0.1134
0.1133
0.1132
0.1131
0.1130
0.1129
0.1128
0.1127
0.1127
0.1126
0.1125
0.1124
0.1124
0.1123
0.1123
0.1123
0.1122
0.1122
0.1122
0.1122
0.1121
0.1120
0.1119
0.1117
0.1115
0.1113
0.1110
0.1106
0.1103
0.1099
0.1095
0.1092
0.1090
0.1087
0.1086
0.1085
0.1084
0.1084
0.1084
0.1085
0.1085
0.1084
0.1082
0.1080
0.1077
0.1073
0.1069
0.1064
0.1058
0.1053
0.1047
0.1043
0.1039
0.1036
0.1034
0.1033
0.1034
0.1035
0.1037
0.1041
0.1044
0.1049
0.1054
0.1059
0.1064
0.1069
0.1074
0.1079
0.1084
0.1087
0.1091
0.1094
0.1096
0.1097
0.1098
0.1098
0.1098
0.1097
0.1095
0.1094
0.1092
0.1090
0.1087
0.1084
0.1080
0.1076
0.1072
0.1068
0.1064
0.1061
0.1058
0.1057
0.1056
0.1056
0.1057
0.1059
0.1062
0.1066
0.1070
0.1074
0.1077
0.1080
0.1083
0.1084
0.1085
0.1085
0.1083
0.1081
0.1078
0.1074
0.1070
0.1064
0.1059
0.1053
0.1047
0.1041
0.1036
0.1032
0.1028
0.1025
0.1022
0.1020
0.1018
0.1018
0.1017
0.1017
0.1017
0.1016
0.1015
0.1015
0.1014
0.1014
0.1013
0.1012
0.1011
0.1009
0.1008
0.1007
0.1005
0.1004
0.1002
0.1000
0.0998
0.0996
0.0995
0.0993
0.0992
0.0990
0.0990
0.0989
0.0989
0.0988
0.0988
0.0989
0.0989
0.0990
0.0990
0.0990
0.0990
0.0990
0.0989
0.0989
0.0988
0.0986
0.0985
0.0984
0.0984
0.0983
0.0983
0.0983
0.0983
0.0983
0.0984
0.0984
0.0985
0.0985
0.0985
0.0984
0.0984
0.0983
0.0982
0.0981
0.0980
0.0979
0.0978
0.0978
0.0978
0.0977
0.0977
0.0978
0.0979
0.0979
0.0980
0.0982
0.0984
0.0986
0.0989
0.0992
0.0995
0.0998
0.1001
0.1004
0.1007
0.1008
0.1009
0.1009
0.1009
0.1008
0.1005
0.1003
0.1000
0.0997
0.0994
0.0992
0.0990
0.0988
0.0987
0.0985
0.0985
0.0985
0.0985
0.0985
0.0985
0.0984
0.0983
0.0982
0.0980
0.0978
0.0976
0.0975
0.0973
0.0971
0.0970
0.0970
0.0970
0.0970
0.0971
0.0972
0.0973
0.0974
0.0975
0.0975
0.0975
0.0974
0.0971
0.0968
0.0964
0.0960
0.0956
0.0951
0.0947
0.0943
0.0940
0.0939
0.0938
0.0938
0.0939
0.0941
0.0944
0.0947
0.0950
0.0953
0.0957
0.0959
0.0962
0.0964
0.0966
0.0966
0.0967
0.0967
0.0967
0.0966
0.0964
0.0963
0.0962
0.0960
0.0959
0.0957
0.0956
0.0954
0.0952
0.0950
0.0947
0.0944
0.0941
0.0937
0.0934
0.0930
0.0927
0.0924
0.0921
0.0919
0.0917
0.0915
0.0914
0.0913
0.0913
0.0913
0.0914
0.0915
0.0916
0.0916
0.0917
0.0917
0.0917
0.0917
0.0915
0.0913
0.0910
0.0907
0.0903
0.0899
0.0894
0.0889
0.0884
0.0879
0.0874
0.0870
0.0865
0.0861
0.0857
0.0854
0.0852
0.0850
0.0848
0.0847
0.0846
0.0846
0.0846
0.0845
0.0845
0.0845
0.0843
0.0842
0.0839
0.0836
0.0833
0.0829
0.0826
0.0822
0.0818
0.0814
0.0810
0.0808
0.0806
0.0806
0.0807
0.0808
0.0810
0.0813
0.0817
0.0822
0.0827
0.0833
0.0838
0.0843
0.0848
0.0852
0.0856
0.0858
0.0860
0.0860
0.0860
0.0859
0.0857
0.0855
0.0852
0.0849
0.0845
0.0842
0.0839
0.0837
0.0834
0.0831
0.0828
0.0826
0.0823
0.0822
0.0820
0.0818
0.0816
0.0813
0.0810
0.0807
0.0805
0.0802
0.0799
0.0796
0.0793
0.0791
0.0790
0.0789
0.0789
0.0790
0.0791
0.0792
0.0793
0.0795
0.0797
0.0798
0.0799
0.0800
0.0801
0.0801
0.0801
0.0801
0.0800
0.0799
0.0797
0.0795
0.0792
0.0790
0.0787
0.0785
0.0782
0.0779
0.0777
0.0774
0.0772
0.0771
0.0769
0.0767
0.0765
0.0764
0.0763
0.0762
0.0762
0.0762
0.0762
0.0762
0.0763
0.0763
0.0764
0.0764
0.0764
0.0764
0.0764
0.0763
0.0762
0.0762
0.0761
0.0760
0.0760
0.0760
0.0760
0.0760
0.0760
0.0761
0.0761
0.0762
0.0762
0.0763
0.0763
0.0764
0.0764
0.0765
0.0765
0.0766
0.0767
0.0767
0.0768
0.0768
0.0768
0.0769
0.0769
0.0769
0.0769
0.0769
0.0770
0.0770
0.0769
0.0768
0.0768
0.0767
0.0765
0.0763
0.0761
0.0759
0.0757
0.0755
0.0753
0.0751
0.0751
0.0750
0.0751
0.0752
0.0753
0.0754
0.0757
0.0760
0.0763
0.0767
0.0771
0.0775
0.0779
0.0783
0.0787
0.0790
0.0793
0.0795
0.0796
0.0797
0.0798
0.0799
0.0799
0.0798
0.0798
0.0798
0.0798
0.0797
0.0797
0.0796
0.0796
0.0795
0.0795
0.0796
0.0796
0.0795
0.0795
0.0795
0.0795
0.0795
0.0794
0.0793
0.0792
0.0790
0.0788
0.0787
0.0785
0.0783
0.0781
0.0780
0.0779
0.0777
0.0776
0.0776
0.0776
0.0775
0.0775
0.0775
0.0775
0.0775
0.0775
0.0775
0.0775
0.0775
0.0774
0.0774
0.0773
0.0772
0.0771
0.0769
0.0767
0.0765
0.0763
0.0760
0.0758
0.0755
0.0753
0.0752
0.0750
0.0750
0.0750
0.0750
0.0751
0.0753
0.0754
0.0756
0.0758
0.0759
0.0760
0.0760
0.0760
0.0760
0.0759
0.0757
0.0756
0.0755
0.0754
0.0753
0.0752
0.0751
0.0751
0.0752
0.0753
0.0753
0.0754
0.0755
0.0756
0.0757
0.0758
0.0759
0.0759
0.0759
0.0759
0.0759
0.0759
0.0758
0.0757
0.0756
0.0754
0.0753
0.0751
0.0750
0.0750
0.0749
0.0748
0.0748
0.0748
0.0747
0.0746
0.0745
0.0742
0.0740
0.0737
0.0733
0.0730
0.0726
0.0723
0.0720
0.0717
0.0715
0.0715
0.0714
0.0715
0.0717
0.0719
0.0722
0.0725
0.0728
0.0731
0.0733
0.0735
0.0735
0.0735
0.0733
0.0730
0.0726
0.0722
0.0717
0.0713
0.0709
0.0705
0.0702
0.0700
0.0698
0.0697
0.0697
0.0697
0.0698
0.0699
0.0701
0.0703
0.0706
0.0708
0.0712
0.0716
0.0720
0.0723
0.0727
0.0731
0.0733
0.0736
0.0738
0.0739
0.0738
0.0736
0.0733
0.0729
0.0723
0.0716
0.0707
0.0699
0.0690
0.0682
0.0675
0.0669
0.0663
0.0659
0.0656
0.0654
0.0653
0.0653
0.0653
0.0653
0.0654
0.0655
0.0657
0.0659
0.0661
0.0663
0.0666
0.0669
0.0671
0.0674
0.0676
0.0678
0.0680
0.0681
0.0682
0.0682
0.0680
0.0678
0.0675
0.0671
0.0666
0.0660
0.0654
0.0648
0.0642
0.0636
0.0631
0.0626
0.0622
0.0618
0.0614
0.0611
0.0609
0.0607
0.0606
0.0606
0.0606
0.0606
0.0607
0.0609
0.0611
0.0614
0.0615
0.0616
0.0617
0.0617
0.0617
0.0617
0.0618
0.0618
0.0618
0.0619
0.0622
0.0625
0.0629
0.0633
0.0636
0.0638
0.0640
0.0641
0.0641
0.0640
0.0638
0.0635
0.0632
0.0630
0.0627
0.0626
0.0627
0.0629
0.0631
0.0634
0.0636
0.0638
0.0640
0.0640
0.0640
0.0638
0.0634
0.0630
0.0626
0.0621
0.0618
0.0616
0.0616
0.0618
0.0622
0.0627
0.0633
0.0639
0.0644
0.0650
0.0653
0.0656
0.0657
0.0656
0.0654
0.0649
0.0645
0.0640
0.0637
0.0633
0.0630
0.0627
0.0626
0.0625
0.0626
0.0629
0.0633
0.0638
0.0644
0.0650
0.0656
0.0661
0.0666
0.0669
0.0672
0.0673
0.0673
0.0672
0.0671
0.0669
0.0665
0.0661
0.0654
0.0646
0.0637
0.0628
0.0618
0.0608
0.0599
0.0592
0.0586
0.0582
0.0581
0.0582
0.0585
0.0591
0.0598
0.0607
0.0616
0.0625
0.0634
0.0642
0.0650
0.0655
0.0658
0.0657
0.0653
0.0647
0.0638
0.0629
0.0618
0.0607
0.0596
0.0585
0.0576
0.0568
0.0562
0.0558
0.0556
0.0556
0.0558
0.0562
0.0569
0.0578
0.0588
0.0600
0.0613
0.0626
0.0638
0.0649
0.0658
0.0664
0.0667
0.0667
0.0664
0.0660
0.0653
0.0645
0.0636
0.0627
0.0618
0.0610
0.0603
0.0596
0.0590
0.0586
0.0582
0.0580
0.0579
0.0579
0.0580
0.0583
0.0587
0.0593
0.0600
0.0608
0.0617
0.0628
0.0639
0.0650
0.0660
0.0670
0.0679
0.0686
0.0691
0.0695
0.0696
0.0695
0.0691
0.0686
0.0680
0.0672
0.0666
0.0658
0.0652
0.0645
0.0639
0.0633
0.0628
0.0623
0.0619
0.0616
0.0612
0.0609
0.0607
0.0607
0.0608
0.0611
0.0616
0.0623
0.0631
0.0641
0.0651
0.0662
0.0674
0.0685
0.0695
0.0704
0.0712
0.0716
0.0719
0.0720
0.0720
0.0719
0.0717
0.0714
0.0711
0.0707
0.0704
0.0701
0.0697
0.0694
0.0691
0.0687
0.0682
0.0678
0.0673
0.0668
0.0664
0.0661
0.0659
0.0657
0.0656
0.0655
0.0656
0.0658
0.0662
0.0666
0.0672
0.0678
0.0683
0.0689
0.0694
0.0698
0.0702
0.0705
0.0707
0.0709
0.0710
0.0710
0.0711
0.0712
0.0713
0.0713
0.0713
0.0713
0.0713
0.0712
0.0712
0.0712
0.0713
0.0715
0.0717
0.0721
0.0726
0.0731
0.0736
0.0743
0.0751
0.0758
0.0765
0.0772
0.0778
0.0784
0.0788
0.0792
0.0794
0.0795
0.0795
0.0793
0.0790
0.0786
0.0782
0.0777
0.0772
0.0768
0.0764
0.0761
0.0760
0.0760
0.0762
0.0766
0.0772
0.0780
0.0790
0.0801
0.0812
0.0823
0.0835
0.0846
0.0857
0.0865
0.0870
0.0873
0.0872
0.0869
0.0864
0.0858
0.0851
0.0843
0.0835
0.0828
0.0822
0.0818
0.0816
0.0815
0.0815
0.0816
0.0818
0.0822
0.0827
0.0833
0.0839
0.0847
0.0855
0.0864
0.0873
0.0885
0.0896
0.0907
0.0916
0.0924
0.0928
0.0928
0.0923
0.0915
0.0902
0.0886
0.0869
0.0853
0.0837
0.0824
0.0814
0.0808
0.0806
0.0808
0.0816
0.0827
0.0841
0.0858
0.0876
0.0893
0.0909
0.0922
0.0931
0.0934
0.0930
0.0925
0.0911
0.0915
0.0909
0.0914
0.0906
0.0888
0.0861
0.0825
0.0788
0.0750
0.0714
0.0674
0.0642
0.0610
0.0588
0.0574
0.0568
0.0571
0.0583
0.0604
0.0634
0.0674
0.0726
0.0790
0.0866
0.0955
0.1055
0.1166
0.1274
0.1382
0.1460
0.1519
0.1540
0.1534
0.1499
0.1440
0.1364
0.1283
0.1203
0.1139
0.1092
0.1067
0.1053
0.1044
0.1035
0.1024
0.1013
0.1001
0.0989
0.0980
0.0971
0.0964
0.0959
0.0955
0.0954
0.0956
0.0960
0.0966
0.0974
0.0983
0.0994
0.1005
0.1016
0.1025
0.1032
0.1036
0.1038
0.1035
0.1031
0.1022
0.1016
0.1005
0.0994
0.0980
0.0965
0.0948
0.0931
0.0913
0.0895
0.0876
0.0858
0.0843
0.0830
0.0821
0.0817
0.0817
0.0822
0.0830
0.0843
0.0860
0.0880
0.0901
0.0923
0.0943
0.0961
0.0977
0.0989
0.0996
0.0998
0.0995
0.0987
0.0977
0.0966
0.0954
0.0944
0.0933
0.0924
0.0916
0.0910
0.0906
0.0903
0.0902
0.0901
0.0901
0.0902
0.0903
0.0904
0.0906
0.0909
0.0913
0.0917
0.0922
0.0927
0.0933
0.0939
0.0947
0.0953
0.0962
0.0968
0.0973
0.0974
0.0971
0.0964
0.0952
0.0937
0.0920
0.0901
0.0883
0.0865
0.0850
0.0836
0.0827
0.0821
0.0819
0.0821
0.0827
0.0837
0.0849
0.0865
0.0882
0.0900
0.0919
0.0937
0.0953
0.0967
0.0977
0.0982
0.0982
0.0977
0.0969
0.0959
0.0946
0.0932
0.0918
0.0904
0.0891
0.0880
0.0871
0.0865
0.0862
0.0862
0.0865
0.0870
0.0878
0.0887
0.0896
0.0906
0.0916
0.0928
0.0937
0.0944
0.0946
0.0945
0.0939
0.0929
0.0916
0.0901
0.0884
0.0866
0.0848
0.0833
0.0821
0.0814
0.0811
0.0814
0.0823
0.0836
0.0855
0.0877
0.0904
0.0934
0.0967
0.1001
0.1035
0.1064
0.1088
0.1103
0.1110
0.1108
0.1099
0.1083
0.1064
0.1041
0.1018
0.0999
0.0982
0.0972
0.0966
0.0967
0.0972
0.0981
0.0994
0.1007
0.1021
0.1030
0.1038
0.1038
0.1032
0.1020
0.0999
0.0976
0.0949
0.0922
0.0896
0.0875
0.0857
0.0845
0.0839
0.0839
0.0845
0.0857
0.0873
0.0893
0.0917
0.0942
0.0968
0.0993
0.1016
0.1034
0.1046
0.1054
0.1055
0.1051
0.1041
0.1028
0.1012
0.0993
0.0974
0.0956
0.0940
0.0926
0.0915
0.0907
0.0901
0.0898
0.0898
0.0902
0.0910
0.0922
0.0937
0.0955
0.0974
0.0993
0.1010
0.1023
0.1033
0.1037
0.1036
0.1028
0.1017
0.1003
0.0989
0.0976
0.0965
0.0956
0.0951
0.0950
0.0953
0.0959
0.0969
0.0981
0.0996
0.1012
0.1027
0.1040
0.1052
0.1062
0.1070
0.1076
0.1079
0.1081
0.1081
0.1083
0.1083
0.1084
0.1084
0.1084
0.1083
0.1081
0.1078
0.1073
0.1069
0.1064
0.1058
0.1053
0.1048
0.1042
0.1038
0.1033
0.1030
0.1026
0.1023
0.1021
0.1020
0.1019
0.1018
0.1016
0.1011
0.1004
0.0995
0.0984
0.0972
0.0959
0.0946
0.0935
0.0925
0.0917
0.0913
0.0911
0.0912
0.0914
0.0917
0.0921
0.0926
0.0932
0.0938
0.0944
0.0948
0.0952
0.0956
0.0959
0.0959
0.0959
0.0958
0.0956
0.0954
0.0953
0.0953
0.0955
0.0958
0.0962
0.0967
0.0971
0.0975
0.0977
0.0978
0.0977
0.0975
0.0972
0.0970
0.0970
0.0973
0.0979
0.0990
0.1005
0.1025
0.1047
0.1071
0.1096
0.1121
0.1144
0.1165
0.1182
0.1195
0.1204
0.1209
0.1212
0.1213
0.1216
0.1218
0.1223
0.1228
0.1236
0.1245
0.1257
0.1269
0.1282
0.1295
0.1305
0.1314
0.1321
0.1326
0.1332
0.1339
0.1348
0.1362
0.1381
0.1410
0.1450
0.1507
0.1587
0.1700
0.1858
0.2078
0.2367
